0 3
2.5 3
0 7
2.5 7
5 3
5 12
2 12
0 16
2 20
5 20
5 26
0 26
5 34
5 30
0 34
0 37
2.5 37
0 41
5 37
5 41
2.5 44
5 47
0 47
0 50
2.5 50
5 52
2.5 54
2.5 58
0 60
0 64
0 68
2.5 68
2.5 64
5 64
0 72
5 72
5 78
3 74
0 76
2 82
0 86
4 86
4 90
2 90
0 92
0 96
2 100
2 94
5 94
5 100
0 104
3 104
5 104
5 110
2 108
0 114
0 120
2 120
4 122
4 126
2 126
0 126
2 130
2 134
5 134
5 138
2 138
0 136
0 142
2.5 142
5 144
2.5 146
0 146
0 150
3 152
5 152
0 156
2 156
5 158
5 162
2 162
2 166
0 168
5 168
5 172
2.5 172
1 170
1 176
4 174
5 178
2.5 180
0 180
0 184
5 184
5 188
2.5 186
0 190
2.5 190
2.5 194
2.5 198
